Episode 2118 Average sliding score: -0.79
{'action': -0.014276787609633279,
 'action2': -0.4101762601113707,
 'bias': -64.09984127115524,
 'pos': 31.313567412217388,
 'pos2': -26.153589715033988,
 'speed': 108.69745973133796,
 'speed2': -55.54044772007851,
 'ttc': 1.459326632756013,
 'ttc2': 2.4093006086422273}
